101 5017.074919682016
201 5017.074919682016
301 5017.074919682016
401 5017.074919682016
501 5017.074919682016
601 5017.074919682016
701 5017.074919682016
801 5017.074919682016
901 5017.074919682016
1001 5017.074919682016
1101 5017.074919682016
1201 5017.074919682016
1301 5017.074919682016
1401 5017.074919682016
1501 5017.074919682016
1601 5017.074919682016
1701 5017.074919682016
1801 5017.074919682016
1901 5017.074919682016
2001 5017.074919682016
2101 5017.074919682016
2201 5017.074919682016
2301 5017.074919682016
2401 5017.074919682016
2501 5017.074919682016
2601 5017.074919682016
2701 5017.074919682016
2801 5017.074919682016
2901 5017.074919682016
3001 5017.074919682016
3101 5017.074919682016
3201 5017.074919682016
3301 5017.074919682016
3401 5017.074919682016
3501 5017.074919682016
3601 5017.074919682016
3701 5017.074919682016
3801 5017.074919682016
3901 5017.074919682016
4001 5017.074919682016
4101 5017.074919682016
4201 5017.074919682016
4301 5017.074919682016
4401 5017.074919682016
4501 5017.074919682016
4601 5017.074919682016
4701 5017.074919682016
4801 5017.074919682016
4901 5017.074919682016
5001 5017.074919682016
5101 5017.074919682016
5201 5017.074919682016
5301 5017.074919682016
5401 5017.074919682016
5501 5017.074919682016
5601 5017.074919682016
5701 5017.074919682016
5801 5017.074919682016
5901 5017.074919682016
6001 5017.074919682016
6101 5017.074919682016
6201 5017.074919682016
6301 5017.074919682016
6401 5017.074919682016
6501 5017.074919682016
6601 5017.074919682016
6701 5017.074919682016
6801 5017.074919682016
6901 5017.074919682016
7001 5017.074919682016
7101 5017.074919682016
7201 5017.074919682016
7301 5017.074919682016
7401 5017.074919682016
7501 5017.074919682016
7601 5017.074919682016
7701 5017.074919682016
7801 5017.074919682016
7901 5017.074919682016
8001 5017.074919682016
8101 5017.074919682016
8201 5017.074919682016
8301 5017.074919682016
8401 5017.074919682016
8501 5017.074919682016
