101 6548.2763552738015
201 6548.2763552738015
301 6548.2763552738015
401 6548.2763552738015
501 6548.2763552738015
601 6548.2763552738015
701 6548.2763552738015
801 6548.2763552738015
901 6548.2763552738015
1001 6548.2763552738015
1101 6548.2763552738015
1201 6548.2763552738015
1301 6548.2763552738015
1401 6548.2763552738015
1501 6548.2763552738015
1601 6548.2763552738015
1701 6548.2763552738015
1801 6548.2763552738015
1901 6548.2763552738015
2001 6548.2763552738015
2101 6548.2763552738015
2201 6548.2763552738015
2301 6548.2763552738015
2401 6548.2763552738015
2501 6548.2763552738015
2601 6548.2763552738015
2701 6548.2763552738015
2801 6548.2763552738015
2901 6548.2763552738015
3001 6548.2763552738015
3101 6548.2763552738015
3201 6548.2763552738015
3301 6548.2763552738015
3401 6548.2763552738015
3501 6548.2763552738015
3601 6548.2763552738015
3701 6548.2763552738015
3801 6548.2763552738015
3901 6548.2763552738015
4001 6548.2763552738015
4101 6548.2763552738015
4201 6548.2763552738015
4301 6548.2763552738015
4401 6548.2763552738015
4501 6548.2763552738015
4601 6548.2763552738015
4701 6548.2763552738015
4801 6548.2763552738015
4901 6548.2763552738015
5001 6548.2763552738015
5101 6548.2763552738015
5201 6548.2763552738015
5301 6548.2763552738015
5401 6548.2763552738015
5501 6548.2763552738015
5601 6548.2763552738015
5701 6548.2763552738015
5801 6548.2763552738015
5901 6548.2763552738015
6001 6548.2763552738015
6101 6548.2763552738015
6201 6548.2763552738015
6301 6548.2763552738015
6401 6548.2763552738015
6501 6548.2763552738015
6601 6548.2763552738015
6701 6548.2763552738015
6801 6548.2763552738015
6901 6548.2763552738015
7001 5379.571825942122
7101 5379.571825942122
7201 5379.571825942122
7301 5379.571825942122
7401 5379.571825942122
7501 5379.571825942122
7601 5379.571825942122
7701 5379.571825942122
7801 5379.571825942122
7901 5379.571825942122
8001 5379.571825942122
8101 5379.571825942122
8201 5379.571825942122
8301 5379.571825942122
8401 5379.571825942122
8501 5379.571825942122
