101 14643.070322570162
201 12267.791120365222
301 12267.791120365222
401 12267.791120365222
501 12267.791120365222
601 8772.029530605212
701 8772.029530605212
801 6274.612604378082
901 6274.612604378082
1001 6274.612604378082
1101 4768.9738062388815
1201 4768.9738062388815
1301 4768.9738062388815
1401 4768.9738062388815
1501 4768.9738062388815
1601 4768.9738062388815
1701 4768.9738062388815
1801 4768.9738062388815
1901 4768.9738062388815
2001 4768.9738062388815
2101 4768.9738062388815
2201 4768.9738062388815
2301 4768.9738062388815
2401 4768.9738062388815
2501 4768.9738062388815
2601 4768.9738062388815
2701 4768.9738062388815
2801 4768.9738062388815
2901 4768.9738062388815
3001 4768.9738062388815
3101 4768.9738062388815
3201 4768.9738062388815
3301 4768.9738062388815
3401 4768.9738062388815
3501 4768.9738062388815
3601 4650.429878099843
3701 4650.429878099843
3801 4650.429878099843
3901 4650.429878099843
4001 4650.429878099843
4101 4650.429878099843
4201 4650.429878099843
4301 4650.429878099843
4401 4650.429878099843
4501 4650.429878099843
4601 4650.429878099843
4701 4650.429878099843
4801 4650.429878099843
4901 4650.429878099843
5001 4650.429878099843
5101 4650.429878099843
5201 4650.429878099843
5301 4650.429878099843
5401 4650.429878099843
5501 4650.429878099843
5601 4650.429878099843
5701 4650.429878099843
5801 4650.429878099843
5901 4650.429878099843
6001 4650.429878099843
6101 4650.429878099843
6201 4650.429878099843
6301 4650.429878099843
6401 4650.429878099843
6501 4650.429878099843
6601 4650.429878099843
6701 4650.429878099843
6801 4650.429878099843
6901 4650.429878099843
7001 4650.429878099843
7101 4650.429878099843
7201 4650.429878099843
7301 4650.429878099843
7401 4650.429878099843
7501 4650.429878099843
7601 4650.429878099843
7701 4650.429878099843
7801 4650.429878099843
7901 4650.429878099843
8001 4650.429878099843
8101 4650.429878099843
8201 4650.429878099843
8301 4650.429878099843
8401 4650.429878099843
8501 4650.429878099843
